0.0005
-5.000000000000013e-05
-0.0002000000000000001
-0.00065
-0.00065
-0.0006999999999999997
-0.0006000000000000003
-0.0006999999999999997
-0.0002999999999999999
-0.0005
-0.00039999999999999975
-0.0004499999999999999
-0.00035000000000000005
-0.0004000000000000002
-0.00030000000000000035
-0.00014999999999999996
-0.00019999999999999966
-0.00014999999999999996
-4.99999999999997e-05
-9.999999999999983e-05
-5.000000000000013e-05
-0.00035000000000000005
-0.0002499999999999998
-9.999999999999983e-05
-0.0002999999999999999
-0.0005
-0.0005500000000000001
-0.0005
-0.0006000000000000003
-0.0004499999999999999
-0.0005
-5.000000000000013e-05
0.00010000000000000026
0.0
-5.000000000000013e-05
0.00014999999999999996
-9.999999999999983e-05
5.000000000000013e-05
-0.00019999999999999966
-0.00035000000000000005
-0.0002000000000000001
-0.00014999999999999996
-5.000000000000013e-05
0.00014999999999999996
0.00019999999999999966
5.000000000000013e-05
-5.000000000000013e-05
9.999999999999983e-05
0.0
5.000000000000013e-05
