9 -9.8
9 -8.969999999999999
9 -8.01
9 -7.25
9 -6.5
9 -5.829999999999999
9 -5.289999999999999
9 -4.81
9 -4.42
9 -4.160000000000001
9 -3.9099999999999993
9 -3.8899999999999997
9 -4.0
9 -4.19
9 -4.5
9 -4.91
9 -5.42
9 -6.0
9 -6.67
9 -7.400000000000001
9 -8.18
9 -9.0
9 -9.89
9 -10.830000000000002
9 -11.709999999999999
9 -12.599999999999998
9 -13.49
9 -14.300000000000002
9 -15.1
9 -15.699999999999998
9 -16.4
9 -16.9
9 -17.4
9 -17.72
9 -17.98
9 -18.11
9 -18.199999999999996
9 -18.09
9 -17.89
9 -17.6
9 -17.209999999999997
9 -16.709999999999997
9 -16.1
9 -15.49
9 -14.699999999999998
9 -13.9
9 -13.02
9 -12.190000000000001
9 -11.3
9 -10.370000000000001
9 -9.459999999999999
