1 -55.45
1 -50.45
1 -43.7
1 -38.3
1 -32.349999999999994
1 -25.75
1 -18.8
1 -11.649999999999999
1 -4.300000000000001
1 3.05
1 10.5
1 17.4
1 24.0
1 30.3
1 37.1
1 42.8
1 47.1
1 50.849999999999994
1 54.0
1 56.150000000000006
1 57.25
1 57.5
1 57.05
1 55.650000000000006
1 53.150000000000006
1 50.150000000000006
1 46.05
1 41.6
1 35.95
1 29.75
1 23.1
1 17.15
1 9.55
1 2.5
1 -5.05
1 -11.95
1 -19.0
1 -25.65
1 -31.3
1 -36.650000000000006
1 -41.5
1 -46.05
1 -50.1
1 -52.95
1 -54.9
1 -56.2
1 -56.650000000000006
1 -56.25
1 -54.9
1 -52.6
1 -49.349999999999994
