10.76109790802002 0.6
11.547369718551636 0.4
12.321524381637573 0.5
13.093869924545288 0.6
13.868478298187256 0.6
14.641518831253052 0.7
15.413879632949829 0.7
16.188814640045166 0.6
16.97581672668457 0.7
17.752374410629272 0.6
40.66131043434143 9.9
41.437124490737915 9.9
42.21557903289795 10.0
43.00158929824829 9.9
43.776023864746094 10.0
44.56331205368042 10.0
45.33911490440369 10.1
46.116554260253906 10.1
46.903504371643066 10.1
47.67983889579773 10.1
70.58817267417908 19.6
71.36544442176819 19.8
72.15553259849548 19.8
72.9306480884552 19.9
73.71856617927551 19.8
74.50635480880737 19.9
75.28326082229614 19.9
76.07009506225586 19.7
76.85889554023743 19.8
77.64843797683716 19.7
100.61233115196228 29.2
101.41869974136353 29.0
102.19482421875 29.1
102.9817955493927 29.1
103.7709379196167 29.3
104.55938982963562 29.3
105.3504090309143 29.2
106.13748335838318 29.3
106.92910265922546 29.2
107.71708655357361 29.2
130.55185675621033 38.1
131.33998584747314 38.1
132.1281282901764 38.2
132.9169900417328 38.1
133.70573616027832 38.1
134.49731874465942 38.2
135.2879660129547 38.2
136.07778406143188 38.2
136.8671236038208 38.2
137.66074872016907 38.1
160.53656268119812 46.6
161.32323002815247 46.5
162.11227178573608 46.6
162.89971613883972 46.5
163.68955850601196 46.5
164.48132014274597 46.5
165.2691559791565 46.4
166.05703902244568 46.4
166.84644722938538 46.4
167.62058520317078 46.5
190.4916536808014 53.9
191.2814507484436 53.9
192.0722885131836 54.1
192.86111640930176 54.0
193.64960956573486 54.0
194.42798113822937 54.0
195.21587991714478 54.0
196.002543926239 54.0
196.77867245674133 54.0
197.56868743896484 53.9
220.43673419952393 60.4
221.22792959213257 60.5
222.01924180984497 60.5
222.80875873565674 60.5
223.59513068199158 60.4
224.38352799415588 60.4
225.15696096420288 60.5
225.93281817436218 60.5
226.7246642112732 60.5
227.51170897483826 60.5
250.36607933044434 65.9
251.15434980392456 66.1
251.94379305839539 66.0
252.71595287322998 65.9
253.49441623687744 65.9
254.28570914268494 66.0
255.0715229511261 66.0
255.862726688385 66.0
256.6351079940796 65.9
257.40949392318726 65.9
280.3239507675171 70.3
281.1580398082733 70.4
281.9484100341797 70.2
282.7385847568512 70.3
283.5270664691925 70.5
284.3172872066498 70.4
285.1031951904297 70.4
285.8801667690277 70.4
286.6697814464569 70.3
287.4521601200104 70.2
310.3504853248596 73.6
311.14157366752625 73.6
311.93022298812866 73.5
312.70121717453003 73.6
313.49176836013794 73.7
314.28100061416626 73.6
315.06850385665894 73.5
315.85583662986755 73.4
316.63200783729553 73.7
317.4193525314331 73.6
340.34733843803406 75.7
341.13805103302 75.7
341.92423248291016 75.7
342.71381282806396 75.7
343.5025055408478 75.7
344.2912039756775 75.7
345.078076839447 75.8
345.8705756664276 76.0
346.64785599708557 75.8
347.40393137931824 75.8
370.36115169525146 76.4
371.1675124168396 76.4
371.9539227485657 76.4
372.74578332901 76.4
373.532657623291 76.4
374.3225483894348 76.4
375.0987274646759 76.5
375.8888592720032 76.3
376.67833614349365 76.2
377.46713614463806 76.5
400.323349237442 76.0
401.1127302646637 76.0
401.88604617118835 76.1
402.67625308036804 76.0
403.4484932422638 76.0
404.2362070083618 76.0
405.02273750305176 76.1
405.8132040500641 76.1
406.60161900520325 76.0
407.3896346092224 76.0
430.35410594940186 74.1
431.14242339134216 74.2
431.9341356754303 74.0
432.72078800201416 74.1
433.51073598861694 74.2
434.3005955219269 74.1
435.08698415756226 74.2
435.8778660297394 74.2
436.6646647453308 74.2
437.4554398059845 74.3
460.32387828826904 71.3
461.11184191703796 71.1
461.9032070636749 71.1
462.6941559314728 71.3
463.4718735218048 71.2
464.25892400741577 71.3
465.04882979393005 71.2
465.8219835758209 71.1
466.6099474430084 71.2
467.3840055465698 71.3
490.29291701316833 67.1
491.1313498020172 67.1
491.92314076423645 67.0
492.7120609283447 67.1
493.5012593269348 67.1
494.29522252082825 67.2
495.0738880634308 67.0
495.84687066078186 67.0
496.63532614707947 67.0
497.40983843803406 67.0
520.2753427028656 61.9
521.126026391983 61.9
521.9144239425659 61.8
522.6874930858612 61.9
523.4728672504425 61.8
524.263965845108 61.8
525.0204005241394 61.9
525.8120894432068 61.9
526.6010649204254 61.9
527.3781447410583 61.8
550.2506587505341 55.3
551.0398609638214 55.3
551.8303864002228 55.4
552.6035625934601 55.5
553.3917481899261 55.5
554.1844928264618 55.5
554.9755191802979 55.4
555.7633979320526 55.6
556.5552613735199 55.4
557.3444657325745 55.4
580.2085914611816 48.0
581.0118389129639 47.9
581.7864093780518 47.9
582.5735037326813 47.9
583.346685886383 47.8
584.1325950622559 47.9
584.9214165210724 47.9
585.7111909389496 47.7
586.4910957813263 47.8
587.2799446582794 47.8
610.1459231376648 39.5
610.9494931697845 39.8
611.7222673892975 39.8
612.5093021392822 39.6
613.2855825424194 39.5
614.074319601059 39.5
614.8655729293823 39.5
615.6576206684113 39.5
616.4491477012634 39.6
617.2404251098633 39.5
640.0943601131439 30.8
640.901636838913 30.8
641.6898384094238 30.8
642.4635157585144 30.7
643.2399518489838 30.8
644.0260972976685 30.8
644.813559293747 30.8
645.6032562255859 30.8
646.3930592536926 30.7
647.1669902801514 30.7
670.0280759334564 21.4
670.8337919712067 21.3
671.6212868690491 21.4
672.4069719314575 21.4
673.195835351944 21.3
673.9865701198578 21.4
674.7755086421967 21.5
675.5472452640533 21.5
676.3225016593933 21.5
677.1123723983765 21.6
699.9721477031708 11.6
700.7630772590637 11.5
701.5540087223053 11.6
702.3443825244904 11.5
703.1267580986023 11.6
703.9192748069763 11.6
704.692601442337 11.6
705.4669110774994 11.6
706.2588813304901 11.4
707.0474896430969 11.5
729.9111313819885 1.4
730.700455904007 1.5
731.4745767116547 1.3
732.2629351615906 1.5
733.0524668693542 1.5
733.8434331417084 1.7
734.6352987289429 1.6
735.4231309890747 1.5
736.2083220481873 1.5
736.996808052063 1.5
759.9132196903229 -8.8
760.7010049819946 -8.8
761.492112159729 -8.7
762.2806060314178 -8.8
763.070499420166 -8.8
763.8584368228912 -8.8
764.6491148471832 -8.8
765.4383871555328 -8.9
766.2285897731781 -9.0
767.0221221446991 -8.9
789.8671245574951 -18.7
790.6561150550842 -18.8
791.4446728229523 -18.9
792.2330071926117 -19.1
793.0229465961456 -19.0
793.812019109726 -18.9
794.5861234664917 -18.9
795.3765168190002 -18.8
796.1667501926422 -18.7
796.9566009044647 -18.9
819.8140923976898 -28.7
820.6027734279633 -28.8
821.3783555030823 -28.9
822.1661508083344 -28.7
822.9540214538574 -28.7
823.7416095733643 -28.8
824.5337224006653 -28.7
825.3209593296051 -28.7
826.1119091510773 -28.7
826.9013197422028 -28.7
849.7638373374939 -38.5
850.5530998706818 -38.3
851.3459470272064 -38.4
852.1367044448853 -38.4
852.9085464477539 -38.3
853.696799993515 -38.3
854.4708662033081 -38.3
855.2571625709534 -38.3
856.0483088493347 -38.4
856.8339149951935 -38.4
879.6837830543518 -47.2
880.4721050262451 -47.3
881.2595582008362 -47.2
882.0494475364685 -47.1
882.8362698554993 -47.2
883.6254413127899 -47.2
884.4119613170624 -47.2
885.1988952159882 -47.2
885.9749417304993 -47.0
886.7518382072449 -47.2
909.6062233448029 -55.5
910.393856048584 -55.5
911.1828830242157 -55.4
911.9578747749329 -55.4
912.7490568161011 -55.4
913.5248789787292 -55.3
914.3118867874146 -55.4
915.1006846427917 -55.4
915.8901915550232 -55.5
916.6723935604095 -55.4
939.5458331108093 -62.8
940.3369791507721 -62.8
941.1248881816864 -62.8
941.9042384624481 -62.8
942.6962625980377 -62.8
943.473792552948 -62.8
944.2618458271027 -62.8
945.0508196353912 -62.7
945.8393788337708 -62.8
946.6129643917084 -62.8
969.4754500389099 -69.5
970.2797291278839 -69.4
971.0692360401154 -69.3
971.856547832489 -69.3
972.6447207927704 -69.3
973.419938325882 -69.5
974.2097828388214 -69.3
974.9869029521942 -69.4
975.7779011726379 -69.3
976.5679769515991 -69.3
999.4418804645538 -75.0
1000.216673374176 -74.9
1001.0053014755249 -74.9
1001.7968983650208 -75.0
1002.5828595161438 -75.1
1003.3690805435181 -75.0
1004.1620576381683 -74.9
1004.949595451355 -74.9
1005.7397475242615 -75.0
1006.5311727523804 -74.8
1029.42205119133 -79.4
1030.2095532417297 -79.5
1030.9861376285553 -79.4
1031.7721161842346 -79.5
1032.561660528183 -79.4
1033.355259180069 -79.3
1034.1450700759888 -79.4
1034.919601202011 -79.5
1035.679874420166 -79.6
1036.4615261554718 -79.5
1059.352963924408 -82.6
1060.1267182826996 -82.4
1060.917194366455 -82.6
1061.706413269043 -82.5
1062.4965529441833 -82.4
1063.2826144695282 -82.3
1064.0722935199738 -82.2
1064.8631463050842 -82.4
1065.652301311493 -82.4
1066.4414575099945 -82.4
1089.2960104942322 -84.4
1090.0828831195831 -84.5
1090.8728091716766 -84.5
1091.6600887775421 -84.5
1092.431886434555 -84.5
1093.220202922821 -84.5
1094.003422498703 -84.5
1094.793744802475 -84.5
1095.5816040039062 -84.5
1096.371129989624 -84.4
1119.2813189029694 -85.0
1120.1291477680206 -85.1
1120.9013032913208 -85.1
1121.6903727054596 -85.2
1122.4821472167969 -85.2
1123.2728304862976 -85.2
1124.0593416690826 -85.1
1124.8435385227203 -85.1
1125.631175994873 -85.2
1126.4186010360718 -85.2
1149.2782769203186 -84.8
1150.0684607028961 -84.7
1150.8607528209686 -84.7
1151.6499843597412 -84.6
1152.4391131401062 -84.5
1153.2258121967316 -84.5
1154.012838602066 -84.6
1154.804621219635 -84.6
1155.5926203727722 -84.5
1156.3797857761383 -84.5
1179.228553533554 -82.6
1180.016990661621 -82.6
1180.8062012195587 -82.8
1181.5931985378265 -82.6
1182.3838486671448 -82.8
1183.161983013153 -82.8
1183.9495105743408 -82.7
1184.7377247810364 -82.7
1185.527851819992 -82.8
1186.3174200057983 -82.6
1209.1802608966827 -79.8
1209.96875333786 -79.7
1210.7440249919891 -79.7
1211.5174038410187 -79.8
1212.3087334632874 -79.6
1213.0991342067719 -79.7
1213.8868155479431 -79.6
1214.6630799770355 -79.7
1215.451768875122 -79.7
1216.2394363880157 -79.8
1239.0759165287018 -75.4
1239.8642959594727 -75.5
1240.6496171951294 -75.5
1241.438500404358 -75.5
1242.2265400886536 -75.7
1243.0154826641083 -75.6
1243.790259361267 -75.6
1244.5782613754272 -75.5
1245.3654110431671 -75.6
1246.1374957561493 -75.5
1269.0678672790527 -70.1
1269.8575863838196 -70.2
1270.6454179286957 -70.3
1271.4198229312897 -70.1
1272.1921842098236 -70.2
1272.9799962043762 -70.1
1273.7524988651276 -70.2
1274.5296084880829 -70.3
1275.317491531372 -70.2
1276.1071088314056 -70.2
1298.9624464511871 -63.9
1299.7955820560455 -63.7
1300.583423614502 -63.9
1301.372109413147 -63.9
1302.1606876850128 -64.0
1302.9500243663788 -64.0
1303.7211344242096 -63.9
1304.511875629425 -63.9
1305.2960035800934 -64.0
1306.0885684490204 -63.8
1328.942034482956 -56.7
1329.7307658195496 -56.6
1330.5158386230469 -56.8
1331.3064744472504 -56.6
1332.094490289688 -56.6
1332.8842825889587 -56.6
1333.672639131546 -56.7
1334.4597508907318 -56.5
1335.249478340149 -56.4
1336.0397408008575 -56.4
1358.8903844356537 -48.3
1359.67582321167 -48.4
1360.4654874801636 -48.3
1361.2559955120087 -48.3
1362.0454051494598 -48.5
1362.8336572647095 -48.4
1363.6240553855896 -48.4
1364.4115941524506 -48.3
1365.20263671875 -48.3
1365.9945845603943 -48.3
1388.865344285965 -39.4
1389.6563138961792 -39.5
1390.446448802948 -39.5
1391.2325575351715 -39.5
1392.0224258899689 -39.4
1392.8127098083496 -39.5
1393.5864152908325 -39.4
1394.3627870082855 -39.5
1395.153588294983 -39.4
1395.9305078983307 -39.4
1418.7883622646332 -30.0
1419.5773997306824 -30.1
1420.3691363334656 -30.1
1421.142617225647 -30.0
1421.9181952476501 -30.0
1422.6925349235535 -30.1
1423.4848084449768 -30.1
1424.2742068767548 -30.0
1425.0333340168 -30.0
1425.8242104053497 -30.1
1448.6715395450592 -20.2
1449.4763419628143 -20.3
1450.2650933265686 -20.4
1451.053059577942 -20.3
1451.8401336669922 -20.3
1452.62504529953 -20.1
1453.4160702228546 -20.1
1454.2050626277924 -20.1
1454.9931824207306 -20.1
1455.7808582782745 -20.1
1478.7000958919525 -10.2
1479.4904124736786 -10.2
1480.280190706253 -10.1
1481.066244840622 -10.1
1481.8517730236053 -10.2
1482.6379313468933 -10.1
1483.4274518489838 -10.3
1484.2167477607727 -10.2
1485.0044529438019 -10.1
1485.792023897171 -10.2
1508.6515583992004 -0.2
1509.7255487442017 -0.2
1510.5232932567596 -0.2
1511.3729815483093 -0.3
1512.15273976326 -0.2
1512.9380309581757 -0.3
1513.7436809539795 -0.1
1514.5342826843262 -0.2
1515.324179649353 -0.2
1516.1092483997345 -0.2
