9 30.380000000000003
9 22.34
9 12.719999999999999
9 2.5799999999999996
9 -7.74
9 -17.85
9 -27.85
9 -37.68000000000001
9 -47.11
9 -55.56
9 -63.45
9 -70.47999999999999
9 -76.37999999999998
9 -81.25
9 -84.53999999999999
9 -86.84
9 -87.74999999999999
9 -87.56
9 -85.65
9 -82.53999999999999
9 -78.32999999999998
9 -72.85
9 -66.17
9 -58.69000000000001
9 -50.17
9 -41.15
9 -31.47
9 -21.46
9 -11.23
9 -0.5999999999999999
9 9.950000000000001
9 20.37
9 30.0
9 39.55
9 48.260000000000005
9 56.07000000000001
9 63.010000000000005
9 68.89
9 73.35999999999999
9 77.07000000000001
9 79.49
9 80.35
9 79.80999999999999
9 78.02
9 75.08
9 70.73
9 65.36999999999999
9 58.7
9 51.15000000000001
9 42.769999999999996
9 33.540000000000006
