1 25.15
1 26.15
1 26.299999999999997
1 25.15
1 23.8
1 22.2
1 20.3
1 17.700000000000003
1 14.6
1 11.850000000000001
1 8.350000000000001
1 4.85
1 1.2
1 -2.2
1 -6.45
1 -9.95
1 -13.5
1 -16.85
1 -20.15
1 -23.0
1 -25.75
1 -28.15
1 -30.0
1 -31.55
1 -32.650000000000006
1 -33.150000000000006
1 -33.1
1 -32.75
1 -31.8
1 -30.65
1 -29.15
1 -26.85
1 -24.25
1 -21.7
1 -18.5
1 -14.850000000000001
1 -11.5
1 -7.45
1 -3.95
1 -0.15000000000000002
1 3.5
1 7.05
1 10.7
1 13.9
1 16.8
1 19.45
1 21.9
1 23.85
1 25.4
1 26.25
1 27.05
