1 4.35
1 2.8
1 1.1
1 2.2
1 0.15000000000000002
1 -2.0
1 -4.35
1 -6.6
1 -8.6
1 -10.5
1 -12.25
1 -12.9
1 -14.850000000000001
1 -18.05
1 -19.200000000000003
1 -19.8
1 -20.1
1 -20.1
1 -19.7
1 -19.299999999999997
1 -18.2
1 -17.15
1 -15.649999999999999
1 -13.95
1 -12.25
1 -10.25
1 -8.25
1 -5.95
1 -3.6500000000000004
1 -1.3
1 0.8500000000000001
1 3.3499999999999996
1 5.8
1 7.75
1 11.25
1 12.6
1 14.1
1 15.45
1 16.4
1 17.0
1 17.9
1 18.1
1 17.65
1 17.5
1 16.85
1 16.0
1 15.1
1 13.8
1 12.4
1 10.6
1 8.850000000000001
