1 -5.449999999999999
1 -1.5
1 2.3499999999999996
1 5.6
1 9.05
1 11.95
1 15.25
1 18.45
1 21.1
1 23.7
1 26.1
1 27.9
1 29.3
1 30.299999999999997
1 30.7
1 31.1
1 30.55
1 29.75
1 28.200000000000003
1 26.55
1 24.6
1 22.05
1 19.75
1 16.200000000000003
1 13.149999999999999
1 9.649999999999999
1 6.2
1 2.75
1 -0.8
1 -4.15
1 -7.85
1 -11.149999999999999
1 -14.1
1 -17.299999999999997
1 -19.8
1 -22.15
1 -24.049999999999997
1 -25.35
1 -26.45
1 -26.65
1 -26.65
1 -26.15
1 -25.45
1 -24.7
1 -23.1
1 -20.85
1 -18.3
1 -14.5
1 -11.6
1 -8.75
1 -5.05
