1 6.85
1 5.1
1 2.6500000000000004
1 0.8500000000000001
1 -1.25
1 -2.5
1 -4.45
1 -6.449999999999999
1 -8.5
1 -10.649999999999999
1 -12.75
1 -14.149999999999999
1 -15.4
1 -16.45
1 -17.85
1 -18.05
1 -18.65
1 -18.9
1 -18.45
1 -18.1
1 -17.05
1 -16.1
1 -14.9
1 -13.05
1 -11.5
1 -9.75
1 -7.6
1 -5.45
1 -3.45
1 -1.4
1 0.7
1 3.1500000000000004
1 5.45
1 7.45
1 9.649999999999999
1 11.350000000000001
1 12.55
1 14.2
1 15.2
1 16.2
1 17.0
1 17.200000000000003
1 17.1
1 16.8
1 16.6
1 15.55
1 14.5
1 13.5
1 12.55
1 10.6
1 8.6
