1 -43.05
1 -47.1
1 -50.5
1 -53.6
1 -55.45
1 -56.4
1 -56.6
1 -55.95
1 -54.75
1 -52.3
1 -49.0
1 -44.849999999999994
1 -39.8
1 -34.6
1 -28.65
1 -22.1
1 -15.6
1 -8.649999999999999
1 -1.2
1 6.1
1 12.95
1 19.6
1 26.3
1 32.4
1 37.95
1 43.2
1 47.75
1 51.349999999999994
1 54.1
1 56.150000000000006
1 57.25
1 57.349999999999994
1 56.75
1 55.3
1 52.849999999999994
1 49.75
1 45.8
1 40.95
1 35.349999999999994
1 29.799999999999997
1 23.45
1 16.45
1 9.649999999999999
1 2.3499999999999996
1 -4.8
1 -12.3
1 -18.85
1 -25.200000000000003
1 -32.3
1 -37.9
1 -42.9
