9 33.660000000000004
9 42.540000000000006
9 51.379999999999995
9 59.61
9 66.81999999999998
9 73.09
9 78.12
9 82.09
9 84.75
9 85.89
9 86.05999999999999
9 84.44000000000001
9 81.35
9 77.34
9 72.18
9 66.16000000000001
9 58.89999999999999
9 50.15
9 41.11
9 31.330000000000002
9 21.19
9 10.61
9 -0.06
9 -10.8
9 -20.93
9 -31.22
9 -40.89
9 -49.910000000000004
9 -58.0
9 -65.47
9 -71.5
9 -76.51
9 -80.3
9 -82.57000000000001
9 -83.77000000000001
9 -83.6
9 -82.03
9 -79.08000000000001
9 -74.78999999999999
9 -69.68
9 -63.739999999999995
9 -56.279999999999994
9 -47.779999999999994
9 -38.79
9 -29.159999999999997
9 -19.119999999999997
9 -8.469999999999999
9 1.9500000000000004
9 12.360000000000001
9 23.220000000000002
9 33.36
