1 20.45
1 21.4
1 21.95
1 21.9
1 21.55
1 20.75
1 19.6
1 17.65
1 16.0
1 14.6
1 11.9
1 9.05
1 5.35
1 2.1500000000000004
1 -0.9
1 -3.9
1 -7.199999999999999
1 -10.5
1 -13.149999999999999
1 -16.15
1 -18.65
1 -21.0
1 -23.4
1 -25.4
1 -26.65
1 -27.85
1 -28.3
1 -29.1
1 -28.75
1 -28.2
1 -26.95
1 -25.0
1 -23.2
1 -21.3
1 -19.6
1 -17.299999999999997
1 -14.4
1 -11.649999999999999
1 -8.350000000000001
1 -5.05
1 -1.95
1 1.0
1 4.55
1 7.75
1 10.149999999999999
1 13.350000000000001
1 16.15
1 18.25
1 20.05
1 21.799999999999997
1 22.700000000000003
