9 0.4999999999999999
9 9.95
9 19.89
9 29.339999999999996
9 38.31999999999999
9 46.63
9 54.11
9 60.65999999999999
9 66.21000000000001
9 70.68
9 73.85999999999999
9 75.88
9 76.66
9 76.16
9 74.31000000000002
9 71.25
9 66.87
9 61.620000000000005
9 55.11
9 47.68000000000001
9 39.519999999999996
9 30.590000000000003
9 21.160000000000004
9 11.3
9 1.4
9 -8.830000000000002
9 -18.85
9 -28.669999999999998
9 -38.3
9 -47.220000000000006
9 -55.48
9 -62.96
9 -69.58000000000001
9 -75.08
9 -79.39
9 -82.70000000000002
9 -84.61000000000001
9 -85.41
9 -84.75
9 -82.86999999999999
9 -79.95
9 -75.50999999999999
9 -70.22999999999999
9 -63.61
9 -56.35999999999999
9 -48.32
9 -39.19
9 -29.99
9 -20.160000000000004
9 -9.970000000000002
9 0.15000000000000002
