9 -67.34
9 -73.55
9 -79.18
9 -83.52000000000001
9 -86.93999999999998
9 -89.15
9 -89.94
9 -89.28999999999999
9 -87.36999999999999
9 -84.22
9 -79.81
9 -73.17999999999999
9 -66.82000000000001
9 -59.010000000000005
9 -50.45
9 -41.03
9 -31.25
9 -28.939999999999998
9 -30.7
9 -27.160000000000004
9 -21.32
9 -10.64
9 0.33999999999999997
9 10.950000000000001
9 17.95
9 19.06
9 24.060000000000002
9 29.82
9 39.17
9 48.61
9 56.57000000000001
9 63.98
9 69.57
9 73.96000000000001
9 78.15
9 80.58000000000001
9 82.51
9 82.28
9 80.77000000000001
9 77.96000000000001
9 73.81
9 68.41
9 61.85999999999999
9 54.31
9 46.150000000000006
9 37.1
9 27.380000000000003
9 17.48
9 7.159999999999999
9 -3.4799999999999995
9 -14.45
