1 16.700000000000003
1 16.65
1 15.95
1 14.9
1 13.75
1 12.149999999999999
1 10.45
1 8.6
1 6.55
1 4.6
1 2.3499999999999996
1 0.15000000000000002
1 -2.2
1 -4.6
1 -6.85
1 -9.1
1 -10.75
1 -12.6
1 -14.6
1 -16.05
1 -17.35
1 -18.3
1 -18.75
1 -19.3
1 -19.05
1 -18.8
1 -18.45
1 -17.75
1 -17.1
1 -15.5
1 -14.149999999999999
1 -12.5
1 -10.649999999999999
1 -8.649999999999999
1 -6.2
1 -4.0
1 -1.5
1 0.7
1 3.1500000000000004
1 5.15
1 7.300000000000001
1 9.149999999999999
1 11.0
1 12.850000000000001
1 14.45
1 15.4
1 16.45
1 17.0
1 17.4
1 17.1
1 17.0
