1 10.55
1 12.2
1 12.75
1 13.649999999999999
1 14.149999999999999
1 14.55
1 14.1
1 13.1
1 12.649999999999999
1 11.85
1 11.25
1 10.05
1 8.6
1 6.95
1 5.6
1 3.3
1 1.05
1 -0.7
1 -2.6500000000000004
1 -5.0
1 -6.65
1 -8.05
1 -10.350000000000001
1 -11.649999999999999
1 -12.850000000000001
1 -13.850000000000001
1 -14.649999999999999
1 -15.3
1 -15.55
1 -15.7
1 -15.55
1 -15.4
1 -15.149999999999999
1 -14.25
1 -13.2
1 -12.4
1 -11.0
1 -9.6
1 -8.3
1 -6.3
1 -4.5
1 -2.95
1 -1.05
1 1.3
1 2.8
1 4.6
1 6.25
1 7.6
1 9.0
1 10.05
1 11.25
