9 23.639999999999997
9 33.32
9 42.46999999999999
9 50.970000000000006
9 58.620000000000005
9 65.21000000000001
9 70.83999999999999
9 75.2
9 78.25999999999999
9 79.92
9 80.44
9 79.86
9 77.58
9 74.08000000000001
9 69.35
9 63.580000000000005
9 56.720000000000006
9 48.839999999999996
9 40.18
9 30.78
9 20.93
9 10.599999999999998
9 0.16
9 -10.440000000000001
9 -21.1
9 -31.29
9 -40.949999999999996
9 -50.230000000000004
9 -58.59000000000001
9 -66.0
9 -72.58
9 -78.09
9 -82.4
9 -85.59
9 -87.38
9 -87.85
9 -87.08000000000001
9 -84.88000000000001
9 -81.34
9 -76.44
9 -70.6
9 -63.74000000000001
9 -55.96
9 -47.33
9 -38.010000000000005
9 -28.27
9 -17.98
9 -7.4
9 3.2299999999999995
9 13.690000000000001
9 23.94
