1 -9.350000000000001
1 -13.55
1 -18.55
1 -22.549999999999997
1 -26.0
1 -29.299999999999997
1 -31.7
1 -34.0
1 -35.75
1 -36.85
1 -37.55
1 -37.3
1 -36.9
1 -35.400000000000006
1 -32.95
1 -30.25
1 -27.6
1 -23.95
1 -19.75
1 -15.9
1 -10.1
1 -5.65
1 -0.8
1 4.1
1 8.45
1 13.35
1 18.05
1 23.15
1 26.950000000000003
1 30.9
1 34.45
1 37.55
1 39.900000000000006
1 41.25
1 42.95
1 43.2
1 42.849999999999994
1 39.95
1 39.45
1 37.05
1 35.55
1 33.55
1 29.450000000000003
1 25.7
1 21.9
1 18.2
1 13.45
1 8.35
1 3.25
1 -1.6
1 -6.4
