9 -18.06
9 -8.290000000000001
9 2.06
9 12.059999999999999
9 22.11
9 31.77
9 40.83
9 49.26
9 56.64
9 63.25
9 68.77000000000001
9 72.99
9 76.26
9 77.96000000000001
9 78.47999999999999
9 77.62
9 75.36
9 71.77999999999999
9 67.18
9 61.54
9 54.69000000000001
9 46.910000000000004
9 38.4
9 29.07
9 19.509999999999998
9 9.21
9 -1.2399999999999998
9 -11.59
9 -22.009999999999998
9 -32.150000000000006
9 -41.75
9 -50.739999999999995
9 -58.96999999999999
9 -66.48
9 -73.0
9 -78.44
9 -82.72999999999999
9 -85.66999999999999
9 -87.5
9 -88.07000000000001
9 -87.17
9 -85.12
9 -81.63000000000001
9 -77.18
9 -71.42
9 -65.02000000000001
9 -57.269999999999996
9 -48.83
9 -39.489999999999995
9 -29.9
9 -19.71
