9 43.33
9 34.47
9 24.340000000000003
9 13.84
9 3.3
9 -7.4
9 -18.02
9 -28.18
9 -37.88
9 -46.730000000000004
9 -55.220000000000006
9 -62.89
9 -69.42999999999999
9 -74.67
9 -79.29
9 -82.19000000000001
9 -83.78999999999999
9 -84.05
9 -83.16000000000001
9 -80.89
9 -77.24000000000001
9 -72.21000000000001
9 -66.29
9 -59.42999999999999
9 -51.40999999999999
9 -42.85
9 -33.120000000000005
9 -23.04
9 -12.370000000000001
9 -1.46
9 9.059999999999999
9 19.65
9 30.1
9 40.2
9 49.3
9 58.029999999999994
9 65.55000000000001
9 72.32000000000001
9 77.4
9 81.88
9 84.75999999999999
9 86.39
9 86.45
9 85.18999999999998
9 82.72
9 78.95
9 74.28
9 68.11
9 61.11
9 53.0
9 44.11
