1 4.95
1 3.25
1 1.15
1 -0.5
1 -2.55
1 -4.65
1 -6.75
1 -8.649999999999999
1 -10.7
1 -12.95
1 -14.35
1 -16.15
1 -17.3
1 -19.549999999999997
1 -21.1
1 -22.4
1 -23.65
1 -24.4
1 -24.8
1 -25.1
1 -25.0
1 -24.25
1 -23.3
1 -22.55
1 -21.25
1 -19.9
1 -18.25
1 -16.5
1 -14.649999999999999
1 -13.4
1 -11.350000000000001
1 -8.9
1 -6.699999999999999
1 -4.45
1 -1.95
1 0.0
1 1.75
1 3.55
1 5.9
1 7.6
1 8.649999999999999
1 9.95
1 10.4
1 10.7
1 10.850000000000001
1 10.649999999999999
1 11.3
1 10.649999999999999
1 9.649999999999999
1 8.45
1 7.05
