-0.0827 0.0
-0.0863 0.0001
-0.0881 0.0001
-0.0889 0.0001
-0.0887 0.0
-0.0869 0.0001
-0.0836 0.0
-0.0792 0.0
-0.0736 0.0001
-0.0667 0.0
-0.0588 0.0001
-0.0502 0.0
-0.0408 0.0001
-0.0307 0.0
-0.0205 0.0001
-0.0099 0.0
0.0011 0.0
0.012 0.0001
0.0221 0.0
0.0322 0.0
0.0419 0.0
0.0508 0.0001
0.0589 0.0001
0.0661 0.0
0.0713 0.0
0.0759 0.0001
0.0795 0.0
0.0815 0.0
0.0824 0.0
0.0819 0.0001
0.0797 0.0001
0.0767 0.0001
0.0722 0.0
0.0666 0.0001
0.06 0.0
0.0518 0.0
0.0433 0.0
0.034 0.0
0.024 0.0
0.0136 0.0
0.0028 0.0001
