10.757532596588135 -60.6
11.502955436706543 -60.7
12.246713161468506 -60.8
12.99598503112793 -60.7
13.74605131149292 -60.6
14.490541458129883 -60.7
15.24399185180664 -60.6
15.98565149307251 -60.7
16.738364934921265 -60.6
17.47904109954834 -60.4
38.24508452415466 52.7
38.98934078216553 52.7
39.73675322532654 52.8
40.476128578186035 52.8
41.22327780723572 52.7
41.977309465408325 52.7
42.72481894493103 52.7
43.47260069847107 52.6
44.225597620010376 52.4
44.96619892120361 52.6
69.85272026062012 -79.2
70.59882235527039 -79.2
71.34759330749512 -79.2
72.09393334388733 -79.1
72.84015917778015 -79.1
73.59311056137085 -79.2
74.33694863319397 -79.2
75.0886869430542 -79.1
75.8409070968628 -79.1
76.59277367591858 -79.1
97.37811255455017 72.9
98.12563180923462 72.8
98.87396311759949 72.9
99.62270140647888 72.8
100.3745186328888 72.9
101.12027668952942 72.9
101.87100863456726 72.7
102.62267708778381 72.8
103.37099599838257 72.8
104.12187266349792 72.8
129.04062247276306 2.5
129.7928922176361 2.6
130.54324746131897 2.5
131.29173135757446 2.5
132.04316902160645 2.4
132.7929425239563 2.4
133.54689979553223 2.4
134.2893590927124 2.5
135.03615999221802 2.5
135.78772592544556 2.7
156.54616451263428 -7.0
157.29311966896057 -7.0
158.03464078903198 -7.1
158.78219032287598 -7.1
159.5337953567505 -7.1
160.28309988975525 -7.1
161.03640460968018 -7.1
161.7869062423706 -7.0
162.54114317893982 -7.1
163.29109287261963 -7.1
188.21457362174988 -47.6
188.96215772628784 -47.6
189.7145164012909 -47.6
190.46321153640747 -47.7
191.20809388160706 -47.6
191.95964455604553 -47.5
192.70964360237122 -47.6
193.46071100234985 -47.6
194.2131221294403 -47.6
194.96242141723633 -47.7
215.7448914051056 34.9
216.49279832839966 35.0
217.2464530467987 34.9
217.9936966896057 34.9
218.74139761924744 34.9
219.49285221099854 34.8
220.23992252349854 34.8
220.9890079498291 35.0
221.73596239089966 34.9
222.48741006851196 34.9
247.39234709739685 -66.6
248.1460428237915 -66.7
248.89418601989746 -66.7
249.64002394676208 -66.7
250.38791251182556 -66.7
251.14015412330627 -66.8
251.88662385940552 -66.7
252.63822531700134 -66.8
253.38963675498962 -66.7
254.1416597366333 -66.7
274.90386724472046 60.4
275.6453971862793 60.4
276.39070773124695 60.3
277.1361839771271 60.4
277.88007521629333 60.3
278.61937952041626 60.3
279.3704433441162 60.4
280.12060165405273 60.4
280.87193036079407 60.3
281.61172461509705 60.4
