10.753213167190552 -1.2
11.499039888381958 -1.2
12.244518995285034 -1.2
12.989110708236694 -1.1
13.732202053070068 -1.2
14.477381706237793 -1.3
15.220222473144531 -1.3
15.965026617050171 -1.4
16.707902669906616 -1.4
17.45284914970398 -1.5
38.21841502189636 -7.1
38.96272540092468 -7.1
39.70780968666077 -7.2
40.45081162452698 -7.0
41.19519901275635 -7.2
41.94155788421631 -7.2
42.6877236366272 -7.2
43.43177056312561 -7.2
44.180148124694824 -7.2
44.92128133773804 -7.2
65.86328387260437 -1.2
66.60860180854797 -1.3
67.35272455215454 -1.4
68.09745359420776 -1.4
68.84795117378235 -1.5
69.59013962745667 -1.4
70.3322548866272 -1.3
71.07587432861328 -1.2
71.82056069374084 -1.2
72.56659507751465 -1.3
93.32858061790466 -7.1
94.07018089294434 -7.2
94.81596112251282 -7.3
95.55846309661865 -7.2
96.30382919311523 -7.3
97.05237793922424 -7.2
97.79441356658936 -7.3
98.54071068763733 -7.3
99.28533029556274 -7.3
100.03064250946045 -7.2
121.00142979621887 -1.2
121.74464011192322 -1.1
122.48807859420776 -1.1
123.23215818405151 -1.2
123.97494459152222 -1.3
124.71658039093018 -1.2
125.45859026908875 -1.1
126.20295691490173 -1.1
126.9456615447998 -1.1
127.69090390205383 -1.2
148.46844935417175 -7.2
149.2114760875702 -7.1
149.95374035835266 -7.1
150.69647026062012 -7.0
151.4422254562378 -7.0
152.18831825256348 -7.0
152.9321596622467 -7.0
153.67722177505493 -7.1
154.42141938209534 -7.1
155.1651520729065 -7.1
176.05536460876465 -1.2
176.80089664459229 -1.2
177.54689526557922 -1.2
178.28793287277222 -1.1
179.03462195396423 -1.2
179.78093767166138 -1.3
180.52137446403503 -1.2
181.26627397537231 -1.2
182.007958650589 -1.3
182.75408816337585 -1.1
203.52147364616394 -7.1
204.2716624736786 -7.1
205.01334476470947 -7.2
205.75696182250977 -7.2
206.49972820281982 -7.3
207.2448182106018 -7.4
207.98880887031555 -7.2
208.7347137928009 -7.0
209.47875928878784 -7.1
210.22358870506287 -7.2
231.0916941165924 -1.2
231.8361542224884 -1.3
232.5822913646698 -1.1
233.32533812522888 -1.1
234.0693862438202 -1.2
234.81718826293945 -1.2
235.55627608299255 -1.3
236.298424243927 -1.2
237.04459762573242 -1.2
237.79474067687988 -1.2
258.5753700733185 -7.2
259.32108998298645 -7.1
260.0638499259949 -7.2
260.8067545890808 -7.1
261.5518515110016 -7.2
262.3022029399872 -7.1
263.04776191711426 -7.0
263.78835678100586 -7.0
264.5315718650818 -7.0
265.2744162082672 -6.9
286.23521065711975 -1.1
286.97895765304565 -1.2
287.72469758987427 -1.2
288.46814155578613 -1.0
289.212685585022 -1.2
289.9579977989197 -1.2
290.6999087333679 -1.2
291.43959879875183 -1.2
292.1823539733887 -1.2
292.9249999523163 -1.2
313.6986811161041 -7.1
314.44197273254395 -7.0
315.18595600128174 -7.1
315.93232011795044 -7.0
316.67474389076233 -6.9
317.4152717590332 -6.9
318.158563375473 -7.1
318.9020755290985 -7.0
319.6464464664459 -7.1
320.3925268650055 -7.1
341.28509497642517 -1.3
342.0290620326996 -1.3
342.76871156692505 -1.4
343.51175713539124 -1.4
344.2605459690094 -1.3
345.0012435913086 -1.3
345.7468092441559 -1.4
346.49087953567505 -1.2
347.23994064331055 -1.3
347.9828383922577 -1.2
368.75176644325256 -7.2
369.4956841468811 -7.0
370.2380003929138 -7.1
370.98094606399536 -7.1
371.723237991333 -7.1
372.46487045288086 -7.1
373.2108988761902 -7.2
373.95615887641907 -7.1
374.7004635334015 -7.2
375.4434413909912 -7.2
396.3357310295105 -1.3
397.07995867729187 -1.3
397.8247101306915 -1.4
398.5738024711609 -1.3
399.3198621273041 -1.3
400.06480836868286 -1.4
400.80963158607483 -1.3
401.5522904396057 -1.5
402.29501938819885 -1.4
403.03798031806946 -1.3
423.8111050128937 -7.2
424.5541615486145 -7.2
425.29432106018066 -7.2
426.0341646671295 -7.0
426.7767813205719 -7.0
427.522097826004 -7.1
428.2681245803833 -7.2
429.0113174915314 -7.2
429.7568874359131 -7.1
430.4986608028412 -7.1
451.3718807697296 -1.2
452.1141264438629 -1.3
452.8592746257782 -1.1
453.6036696434021 -1.1
454.3509178161621 -1.1
455.09495782852173 -1.1
455.8393340110779 -1.2
456.58414459228516 -1.2
457.3264172077179 -1.4
458.0696310997009 -1.1
478.8487865924835 -7.2
479.5917730331421 -7.2
480.3336651325226 -7.1
481.0749394893646 -7.0
481.82128286361694 -7.1
482.5699212551117 -7.2
483.3100309371948 -7.2
484.0532248020172 -7.1
484.79827976226807 -7.2
485.54536151885986 -7.2
506.42398381233215 -1.7
507.1680791378021 -1.6
507.9130871295929 -1.6
508.66207361221313 -1.5
509.4027602672577 -1.4
510.144638299942 -1.5
510.8908762931824 -1.4
511.6320216655731 -1.5
512.3734822273254 -1.6
513.1156299114227 -1.5
533.8913435935974 -7.3
534.6399116516113 -7.2
535.3824999332428 -7.3
536.130387544632 -7.3
536.8757925033569 -7.2
537.6193046569824 -7.2
538.3612706661224 -7.2
539.1123657226562 -7.2
539.8578419685364 -7.2
540.6042907238007 -7.2
