-0.005000000000000001
-0.00565
-0.005649999999999999
-0.0036500000000000005
-0.00485
-0.0028499999999999984
-0.0038499999999999993
-0.0022499999999999985
-0.0029499999999999978
-0.0036999999999999984
-0.0051
-0.00285
-0.0026499999999999996
-0.00385
-0.0052
-0.004150000000000001
-0.003199999999999998
-0.0029500000000000012
-0.00315
-0.0031000000000000055
-0.003249999999999996
-0.0030999999999999986
-0.0030500000000000006
-0.003599999999999999
-0.003999999999999997
-0.003950000000000002
-0.004050000000000005
-0.004049999999999998
-0.0034499999999999947
-0.0029999999999999957
-0.004150000000000001
-0.003799999999999998
-0.003849999999999996
-0.0029500000000000012
-0.0038499999999999993
-0.0038499999999999993
-0.0032000000000000015
-0.003949999999999995
-0.003799999999999998
-0.003700000000000002
-0.004200000000000002
-0.0035499999999999976
-0.002599999999999998
-0.0005999999999999998
-0.0006000000000000007
-0.0045000000000000005
-0.0010500000000000006
-0.002999999999999999
-0.0005999999999999998
-0.00415
